0.30734173457066577 -0.8569575336208137 0.41372073160723577
0.5684266227403973 -0.6623125661445518 -0.48809142513156767
0.10903215907909879 -0.059757471998214094 -0.9922404108011992
-0.7207446208982651 0.10224522260687559 -0.6856187759245561
-0.959278847573801 -0.20961688302774956 0.18932737506026703
-0.35120260533909087 -0.22686793712340225 0.9083984087989183
0.29958694060398855 0.3933644988630647 0.8692019535492037
0.29585485382457594 0.9495323092853779 0.10420316257972298
-0.02971164098610015 0.6592596813366726 -0.7513280847630962
0.08653959124106811 -0.21933357430879252 -0.9718043436457559
0.6176205195365563 -0.6984078837831981 -0.36162317641001557
0.7229075437185107 -0.40402385536363894 0.5605081690144852
0.013295279153210411 -0.001167243473034203 0.9999109325809538
-0.8107441212061977 -0.12339084697018463 0.5722487822735589
-0.8313175854167165 -0.4281144583328044 -0.35444193141236774
-0.1575669312120713 -0.163994014996186 -0.9737959874808693
0.3002885122600758 0.6112504051166417 -0.7322566159819738
0.13815483999245162 0.9773001876513734 0.16061626132882842
-0.06754965922006245 0.4035675033692533 0.9124529104362378
0.24773454064304412 -0.48264429565856265 0.8400488564605215
0.7011628209632619 -0.7129981412524403 0.0020854422566692946
0.4809506958241248 -0.2623563840800288 -0.836573700231332
-0.39945779770477774 0.0860406161539902 -0.9127050346221887
-0.9865931495059311 -0.08067677169839342 -0.14186337038253646
